eventmsgactiontype
0
0
1
1
5
42
1
3
0
0
6
8
1
0
0
0
11
0
5
0
1
5
1
0
11
0
1
1
1
0
0
12
1
5
0
0
56
86
0
1
1
0
0
0
1
11
0
1
11
2
1
0
1
2
11
0
1
12
1
37
0
1
7
47
11
0
1
2
12
5
0
1
2
12
5
0
2
1
1
64
2
0
0
1
0
1
0
1
0
5
1
1
1
7
0
0
3
4
0
47
0
5
12
0
1
0
1
0
1
0
0
1
1
0
1
42
1
0
5
0
2
57
0
1
0
5
1
0
11
2
79
2
0
0
1
4
0
78
42
2
52
0
8
1
2
12
1
42
0
0
0
11
1
1
5
11
1
6
2
1
6
11
11
0
0
2
1
1
0
0
0
75
3
0
2
0
0
4
37
0
0
1
0
1
6
78
1
0
1
1
1
0
5
1
0
10
0
47
1
1
0
2
1
0
73
2
0
0
1
0
1
0
0
0
78
0
0
0
1
8
0
1
7
47
1
2
12
11
1
66
1
0
1
1
1
1
1
1
1
9
0
0
7
0
1
5
1
0
2
79
0
0
1
3
47
0
0
0
1
1
0
1
4
3
11
0
0
5
0
0
12
1
0
1
12
0
0
0
12
1
6
11
0
5
79
10
1
1
1
0
1
1
37
0
0
0
0
0
1
5
5
79
11
0
37
0
47
0
108
1
2
2
12
1
1
0
42
1
0
1
1
2
0
0
50
87
46
1
2
5
1
8
4
12
1
1
3
1
1
1
2
2
0
0
1
0
4
1
47
0
1
86
0
1
11
1
2
1
12
0
7
0
1
1
0
1
0
0
1
46
42
45
16
0
0
12
1
5
78
0
0
2
12
0
1
12
11
1
0
11
0
80
0
0
1
1
0
0
0
65
1
5
2
11
12
1
1
8
0
4
0
0
1
0
1
0
7
0
1
0
12
0
1
0
0
1
0
79
1
79
12
1
101
1
43
0
2
0
1
0
1
1
15
46
0
1
3
2
2
0
1
1
12
14
1
1
1
79
0
0
1
0
1
4
2
0
1
2
2
1
0
5
12
1
0
0
1
12
1
0
2
0
1
0
1
3
2
47
0
11
1
5
0
1
0
1
78
42
0
1
5
1
4
1
1
0
0
0
0
5
0
63
2
11
10
5
1
1
58
10
0
0
72
45
78
0
11
1
2
1
0
4
0
1
11
1
11
6
1
0
86
1
2
1
78
1
1
0
0
2
5
1
1
0
12
0
12
0
5
1
0
42
6
1
5
0
58
5
0
1
10
0
98
0
0
15
7
79
12
42
1
4
1
0
1
1
12
0
12
0
0
0
11
10
0
79
1
0
0
0
1
11
1
0
0
1
5
1
6
1
2
0
0
0
1
12
0
0
1
0
1
8
0
1
40
0
0
1
0
1
0
0
1
0
0
0
0
1
1
1
6
12
1
11
5
0
11
0
37
3
0
1
1
49
105
2
0
1
1
97
0
0
1
0
0
0
4
11
0
3
1
1
5
1
2
0
79
1
0
17
0
1
1
12
17
1
0
0
1
1
97
46
44
11
1
37
0
42
0
1
1
6
12
79
0
0
0
44
2
5
11
1
0
2
1
1
86
1
0
1
1
2
2
0
0
1
11
1
11
50
0
11
0
10
0
5
13
79
1
11
11
0
2
1
0
1
3
1
0
0
11
0
72
0
1
0
1
11
11
41
1
2
12
0
46
0
0
0
1
1
0
0
1
1
3
1
0
1
5
6
1
1
0
2
72
0
1
0
12
86
103
1
5
1
50
3
5
1
0
2
0
6
4
42
1
49
12
0
11
1
11
0
0
12
0
0
0
12
12
0
0
5
12
1
0
0
1
0
0
0
0
12
0
0
0
1
5
11
101
12
37
79
10
12
0
1
5
96
0
1
52
1
0
2
0
1
0
0
44
1
1
11
5
79
2
79
5
12
1
12
1
0
1
2
2
0
0
5
63
40
0
1
11
2
1
11
1
78
0
12
0
2
1
0
0
1
0
5
0
0
1
0
0
1
11
12
8
1
1
42
4
5
0
0
1
0
0
11
5
3
2
0
0
1
0
5
4
1
5
108
44
1
1
11
101
0
5
1
4
1
41
6
1
1
0
0
2
0
0
0
0
5
0
2
0
1
1
1
1
1
1
1
0
8
42
1
0
1
1
0
0
28
39
1
2
5
87
11
0
2
101
0
0
0
2
11
44
0
1
42
0
0
1
1
0
2
1
0
12
0
